Generating Jaccard similarity matrix and heatmap...

------ Importing the genotype matrix ---------
Matrix shape: (30820, 17881)
Matrix corner:
[[0. 0. 0. 0.]
 [0. 0. 0. 0.]
 [0. 0. 0. 0.]
 [0. 0. 1. 0.]]
Data corner:
   gene_0  gene_1  gene_2  gene_3
0     0.0     0.0     0.0     0.0
1     0.0     0.0     0.0     0.0
2     0.0     0.0     0.0     0.0
3     0.0     0.0     1.0     0.0


Data description:
             gene_0        gene_1  ...    gene_17879    gene_17880
count  30820.000000  30820.000000  ...  30820.000000  30820.000000
mean       0.000422      0.007722  ...      0.004478      0.012459
std        0.020534      0.087908  ...      0.066766      0.111510
min        0.000000      0.000000  ...      0.000000      0.000000
25%        0.000000      0.000000  ...      0.000000      0.000000
50%        0.000000      0.000000  ...      0.000000      0.000000
75%        0.000000      0.000000  ...      0.000000      0.000000
max        1.000000      2.000000  ...      1.000000      2.000000

[8 rows x 17881 columns]


Min matrix value: 0.0, Max matrix value: 23.0

------ Constructing the (generalized) Jaccard matrix ---------
Genotype matrix:
 [[0. 0. 0. ... 0. 0. 0.]
 [0. 0. 0. ... 0. 0. 0.]
 [0. 0. 0. ... 0. 0. 0.]
 ...
 [0. 0. 0. ... 0. 0. 0.]
 [0. 0. 0. ... 0. 0. 0.]
 [0. 0. 0. ... 0. 0. 0.]]
Upper left OG sim matrix corner: [[1.         0.01538462 0.         0.07352941 0.         0.01219512
  0.00598802 0.00606061 0.00571429 0.06666667]
 [0.01538462 1.         0.01123596 0.0047619  0.         0.01273885
  0.         0.         0.         0.        ]
 [0.         0.01123596 1.         0.02030457 0.01052632 0.00675676
  0.00671141 0.         0.         0.00636943]
 [0.07352941 0.0047619  0.02030457 1.         0.         0.00558659
  0.00555556 0.00561798 0.00531915 0.06779661]
 [0.         0.         0.01052632 0.         1.         0.
  0.00584795 0.         0.00558659 0.        ]
 [0.01219512 0.01273885 0.00675676 0.00558659 0.         1.
  0.0078125  0.         0.         0.00735294]
 [0.00598802 0.         0.00671141 0.00555556 0.00584795 0.0078125
  1.         0.         0.00729927 0.00729927]
 [0.00606061 0.         0.         0.00561798 0.         0.
  0.         1.         0.02255639 0.        ]
 [0.00571429 0.         0.         0.00531915 0.00558659 0.
  0.00729927 0.02255639 1.         0.00689655]
 [0.06666667 0.         0.00636943 0.06779661 0.         0.00735294
  0.00729927 0.         0.00689655 1.        ]]
Lower right OG sim matrix corner: [[1.         0.         0.00675676 0.00714286 0.         0.01242236
  0.         0.         0.00714286 0.00724638]
 [0.         1.         0.         0.         0.         0.
  0.01324503 0.         0.         0.00704225]
 [0.00675676 0.         1.         0.0070922  0.02702703 0.00613497
  0.00675676 0.02547771 0.         0.        ]
 [0.00714286 0.         0.0070922  1.         0.01388889 0.
  0.00714286 0.         0.         0.00763359]
 [0.         0.         0.02702703 0.01388889 1.         0.00595238
  0.0130719  0.0310559  0.00684932 0.        ]
 [0.01242236 0.         0.00613497 0.         0.00595238 1.
  0.         0.01156069 0.00645161 0.00653595]
 [0.         0.01324503 0.00675676 0.00714286 0.0130719  0.
  1.         0.         0.02158273 0.        ]
 [0.         0.         0.02547771 0.         0.0310559  0.01156069
  0.         1.         0.         0.00666667]
 [0.00714286 0.         0.         0.         0.00684932 0.00645161
  0.02158273 0.         1.         0.        ]
 [0.00724638 0.00704225 0.         0.00763359 0.         0.00653595
  0.         0.00666667 0.         1.        ]]
Generating Jaccard histogram...

------ Histogram of generalized Jaccard scores---------
upper left corner imported sim matrix: [[1.         0.01538462 0.         0.07352941 0.         0.01219512
  0.00598802 0.00606061 0.00571429 0.06666667]
 [0.01538462 1.         0.01123596 0.0047619  0.         0.01273885
  0.         0.         0.         0.        ]
 [0.         0.01123596 1.         0.02030457 0.01052632 0.00675676
  0.00671141 0.         0.         0.00636943]
 [0.07352941 0.0047619  0.02030457 1.         0.         0.00558659
  0.00555556 0.00561798 0.00531915 0.06779661]
 [0.         0.         0.01052632 0.         1.         0.
  0.00584795 0.         0.00558659 0.        ]
 [0.01219512 0.01273885 0.00675676 0.00558659 0.         1.
  0.0078125  0.         0.         0.00735294]
 [0.00598802 0.         0.00671141 0.00555556 0.00584795 0.0078125
  1.         0.         0.00729927 0.00729927]
 [0.00606061 0.         0.         0.00561798 0.         0.
  0.         1.         0.02255639 0.        ]
 [0.00571429 0.         0.         0.00531915 0.00558659 0.
  0.00729927 0.02255639 1.         0.00689655]
 [0.06666667 0.         0.00636943 0.06779661 0.         0.00735294
  0.00729927 0.         0.00689655 1.        ]]
lower left corner imported sim matrix: [[1.         0.         0.00675676 0.00714286 0.         0.01242236
  0.         0.         0.00714286 0.00724638]
 [0.         1.         0.         0.         0.         0.
  0.01324503 0.         0.         0.00704225]
 [0.00675676 0.         1.         0.0070922  0.02702703 0.00613497
  0.00675676 0.02547771 0.         0.        ]
 [0.00714286 0.         0.0070922  1.         0.01388889 0.
  0.00714286 0.         0.         0.00763359]
 [0.         0.         0.02702703 0.01388889 1.         0.00595238
  0.0130719  0.0310559  0.00684932 0.        ]
 [0.01242236 0.         0.00613497 0.         0.00595238 1.
  0.         0.01156069 0.00645161 0.00653595]
 [0.         0.01324503 0.00675676 0.00714286 0.0130719  0.
  1.         0.         0.02158273 0.        ]
 [0.         0.         0.02547771 0.         0.0310559  0.01156069
  0.         1.         0.         0.00666667]
 [0.00714286 0.         0.         0.         0.00684932 0.00645161
  0.02158273 0.         1.         0.        ]
 [0.00724638 0.00704225 0.         0.00763359 0.         0.00653595
  0.         0.00666667 0.         1.        ]]
