Generating NOT rounded matrix...
Generating Jaccard similarity matrix and heatmap...

------ Importing the genotype matrix ---------
Matrix shape: (100, 17881)
Matrix corner:
[[0.        0.        0.        0.       ]
 [0.        0.0015777 0.        0.       ]
 [0.        0.        0.        0.       ]
 [0.        0.        1.        0.0011762]]
Data corner:
   gene_0    gene_1  gene_2    gene_3
0     0.0  0.000000     0.0  0.000000
1     0.0  0.001578     0.0  0.000000
2     0.0  0.000000     0.0  0.000000
3     0.0  0.000000     1.0  0.001176


Data description:
       gene_0      gene_1  gene_2  ...  gene_17878  gene_17879  gene_17880
count   100.0  100.000000  100.00  ...  100.000000       100.0  100.000000
mean      0.0    0.010254    0.01  ...    0.000193         0.0    0.020197
std       0.0    0.099976    0.10  ...    0.000202         0.0    0.140678
min       0.0    0.000000    0.00  ...    0.000000         0.0    0.000000
25%       0.0    0.000000    0.00  ...    0.000000         0.0    0.000000
50%       0.0    0.000000    0.00  ...    0.000275         0.0    0.000036
75%       0.0    0.000000    0.00  ...    0.000310         0.0    0.000222
max       0.0    1.000000    1.00  ...    0.000737         0.0    1.000000

[8 rows x 17881 columns]


Min matrix value: 0.0, Max matrix value: 8.00985779929377

------ Constructing the (generalized) Jaccard matrix ---------
Genotype matrix:
 [[0.00000000e+00 0.00000000e+00 0.00000000e+00 ... 2.75113976e-04
  0.00000000e+00 3.29269356e-03]
 [0.00000000e+00 1.57770181e-03 0.00000000e+00 ... 2.75113976e-04
  0.00000000e+00 3.64179322e-05]
 [0.00000000e+00 0.00000000e+00 0.00000000e+00 ... 0.00000000e+00
  0.00000000e+00 3.41483404e-05]
 ...
 [0.00000000e+00 0.00000000e+00 0.00000000e+00 ... 3.85477070e-04
  0.00000000e+00 3.41483404e-05]
 [0.00000000e+00 0.00000000e+00 0.00000000e+00 ... 3.85477070e-04
  0.00000000e+00 2.13258846e-04]
 [0.00000000e+00 0.00000000e+00 0.00000000e+00 ... 4.50668478e-04
  0.00000000e+00 2.81359605e-04]]
Upper left OG sim matrix corner: [[1.         0.29419318 0.30109823 0.29278961 0.29903047 0.24858082
  0.25957577 0.2866939  0.26074004 0.27839515]
 [0.29419318 1.         0.29147448 0.2971206  0.29180283 0.22413544
  0.23432197 0.28449259 0.2325476  0.2701028 ]
 [0.30109823 0.29147448 1.         0.27658637 0.26854366 0.22985075
  0.24810698 0.2767286  0.26156942 0.2623494 ]
 [0.29278961 0.2971206  0.27658637 1.         0.29329004 0.22363714
  0.23135198 0.27689694 0.23593494 0.27723051]
 [0.29903047 0.29180283 0.26854366 0.29329004 1.         0.2307261
  0.23120729 0.27820904 0.22669952 0.27219097]
 [0.24858082 0.22413544 0.22985075 0.22363714 0.2307261  1.
  0.36873783 0.26090271 0.33901345 0.2414565 ]
 [0.25957577 0.23432197 0.24810698 0.23135198 0.23120729 0.36873783
  1.         0.26460108 0.34785016 0.24253449]
 [0.2866939  0.28449259 0.2767286  0.27689694 0.27820904 0.26090271
  0.26460108 1.         0.2702097  0.30057378]
 [0.26074004 0.2325476  0.26156942 0.23593494 0.22669952 0.33901345
  0.34785016 0.2702097  1.         0.24949131]
 [0.27839515 0.2701028  0.2623494  0.27723051 0.27219097 0.2414565
  0.24253449 0.30057378 0.24949131 1.        ]]
Lower right OG sim matrix corner: [[1.         0.12236935 0.16476939 0.12466125 0.16826698 0.16676426
  0.1284382  0.14810007 0.21430216 0.15453605]
 [0.12236935 1.         0.2954464  0.3554339  0.2653385  0.26534896
  0.3081922  0.34530707 0.21625344 0.25955114]
 [0.16476939 0.2954464  1.         0.29817084 0.26707573 0.24657752
  0.26128921 0.35007072 0.25759577 0.30116204]
 [0.12466125 0.3554339  0.29817084 1.         0.25854332 0.25485813
  0.29301335 0.34507042 0.22097605 0.26207362]
 [0.16826698 0.2653385  0.26707573 0.25854332 1.         0.30039203
  0.2838359  0.2716608  0.29173492 0.23301872]
 [0.16676426 0.26534896 0.24657752 0.25485813 0.30039203 1.
  0.28523549 0.25257219 0.26177934 0.22782289]
 [0.1284382  0.3081922  0.26128921 0.29301335 0.2838359  0.28523549
  1.         0.27678245 0.22254291 0.22114276]
 [0.14810007 0.34530707 0.35007072 0.34507042 0.2716608  0.25257219
  0.27678245 1.         0.242397   0.29418644]
 [0.21430216 0.21625344 0.25759577 0.22097605 0.29173492 0.26177934
  0.22254291 0.242397   1.         0.227388  ]
 [0.15453605 0.25955114 0.30116204 0.26207362 0.23301872 0.22782289
  0.22114276 0.29418644 0.227388   1.        ]]
Generating Jaccard histogram...

------ Histogram of generalized Jaccard scores---------
upper left corner imported sim matrix: [[1.         0.29419318 0.30109823 0.29278961 0.29903047 0.24858082
  0.25957577 0.2866939  0.26074004 0.27839515]
 [0.29419318 1.         0.29147448 0.2971206  0.29180283 0.22413544
  0.23432197 0.28449259 0.2325476  0.2701028 ]
 [0.30109823 0.29147448 1.         0.27658637 0.26854366 0.22985075
  0.24810698 0.2767286  0.26156942 0.2623494 ]
 [0.29278961 0.2971206  0.27658637 1.         0.29329004 0.22363714
  0.23135198 0.27689694 0.23593494 0.27723051]
 [0.29903047 0.29180283 0.26854366 0.29329004 1.         0.2307261
  0.23120729 0.27820904 0.22669952 0.27219097]
 [0.24858082 0.22413544 0.22985075 0.22363714 0.2307261  1.
  0.36873783 0.26090271 0.33901345 0.2414565 ]
 [0.25957577 0.23432197 0.24810698 0.23135198 0.23120729 0.36873783
  1.         0.26460108 0.34785016 0.24253449]
 [0.2866939  0.28449259 0.2767286  0.27689694 0.27820904 0.26090271
  0.26460108 1.         0.2702097  0.30057378]
 [0.26074004 0.2325476  0.26156942 0.23593494 0.22669952 0.33901345
  0.34785016 0.2702097  1.         0.24949131]
 [0.27839515 0.2701028  0.2623494  0.27723051 0.27219097 0.2414565
  0.24253449 0.30057378 0.24949131 1.        ]]
lower left corner imported sim matrix: [[1.         0.12236935 0.16476939 0.12466125 0.16826698 0.16676426
  0.1284382  0.14810007 0.21430216 0.15453605]
 [0.12236935 1.         0.2954464  0.3554339  0.2653385  0.26534896
  0.3081922  0.34530707 0.21625344 0.25955114]
 [0.16476939 0.2954464  1.         0.29817084 0.26707573 0.24657752
  0.26128921 0.35007072 0.25759577 0.30116204]
 [0.12466125 0.3554339  0.29817084 1.         0.25854332 0.25485813
  0.29301335 0.34507042 0.22097605 0.26207362]
 [0.16826698 0.2653385  0.26707573 0.25854332 1.         0.30039203
  0.2838359  0.2716608  0.29173492 0.23301872]
 [0.16676426 0.26534896 0.24657752 0.25485813 0.30039203 1.
  0.28523549 0.25257219 0.26177934 0.22782289]
 [0.1284382  0.3081922  0.26128921 0.29301335 0.2838359  0.28523549
  1.         0.27678245 0.22254291 0.22114276]
 [0.14810007 0.34530707 0.35007072 0.34507042 0.2716608  0.25257219
  0.27678245 1.         0.242397   0.29418644]
 [0.21430216 0.21625344 0.25759577 0.22097605 0.29173492 0.26177934
  0.22254291 0.242397   1.         0.227388  ]
 [0.15453605 0.25955114 0.30116204 0.26207362 0.23301872 0.22782289
  0.22114276 0.29418644 0.227388   1.        ]]
